S4000L02_00003 92 108 164 165
S4000L04_00005 92 107 163 172
S4000L08_00009 93 113 163 172
S4000L11_00012 92 106 161 169
S4000L12_00013 92 107 164 172
S4000R02_00017 95 113 163 168
S4000R04_00019 93 110 164 173
S4000R08_00023 92 114 162 171
S4000R11_00026 91 111 165 173
S4000R12_00027 91 109 162 173
S4001L01_00030 92 97 164 173
S4001L03_00032 92 88 162 172
S4001L05_00034 91 88 163 172
S4001L06_00035 92 90 161 170
S4001L11_00040 92 96 163 173
S4001R01_00042 94 98 163 174
S4001R03_00044 94 94 163 175
S4001R05_00046 94 94 163 175
S4001R06_00047 95 93 163 173
S4001R11_00052 92 101 162 174
S4002L00_00053 94 116 162 173
S4002L03_00056 95 114 163 173
S4002L05_00058 95 116 163 173
S4002L08_00061 94 125 161 172
S4002L09_00062 94 116 164 173
S4002R00_00073 94 116 161 173
S4002R03_00076 96 122 162 173
S4002R05_00078 96 120 161 173
S4002R08_00081 97 121 161 174
S4002R09_00082 95 116 160 171
S4003L02_00095 94 104 162 171
S4003L03_00096 94 107 160 171
S4003L07_00100 94 105 162 171
S4003L10_00103 94 111 161 163
S4003L12_00105 94 106 161 168
S4003R02_00115 92 107 161 168
S4003R03_00116 94 109 161 173
S4003R07_00120 95 108 162 173
S4003R10_00123 92 116 162 161
S4003R12_00125 92 110 161 168
S4004L03_00136 93 103 163 169
S4004L06_00139 93 102 161 168
S4004L10_00143 94 98 162 168
S4004L12_00145 94 100 162 169
S4004L14_00147 93 102 161 165
S4004R03_00151 94 105 162 171
S4004R06_00154 94 107 161 168
S4004R10_00158 94 102 161 168
S4004R12_00160 93 104 162 168
S4004R14_00162 94 105 161 166
S4005L03_00166 94 109 162 171
S4005L09_00172 94 108 163 172
S4005L11_00174 94 116 162 171
S4005L12_00175 93 106 162 171
S4005L16_00179 94 111 162 171
S4005R03_00185 93 106 161 161
S4005R09_00191 94 109 162 169
S4005R11_00193 92 117 161 168
S4005R12_00194 94 108 162 169
S4005R16_00198 94 113 163 169
S4006L03_00204 92 108 162 171
S4006L05_00206 91 102 166 173
S4006L06_00207 92 101 164 172
S4006L09_00210 93 111 164 168
S4006L17_00218 94 109 163 172
S4006R03_00222 93 106 162 169
S4006R05_00224 91 100 165 170
S4006R06_00225 90 103 164 172
S4006R09_00228 92 106 163 172
S4006R17_00236 93 101 163 170
S4007L04_00241 95 109 163 173
S4007L05_00242 93 112 163 170
S4007L09_00246 92 115 163 175
S4007R04_00261 93 108 163 174
S4007R05_00262 96 110 161 172
S4007R09_00266 94 110 164 173
S4007R14_00271 96 123 162 182
S4008L01_00278 92 95 164 171
S4008L03_00280 92 98 164 170
S4008L05_00282 93 104 164 177
S4008L09_00286 91 101 165 176
S4008L15_00292 93 101 161 170
S4008R01_00298 93 94 164 175
S4008R03_00300 91 100 165 176
S4008R05_00302 92 104 164 177
S4008R09_00306 92 104 163 177
S4008R15_00312 92 102 161 168
S4009L10_00327 94 105 163 173
S4009L15_00332 93 105 163 173
S4009L16_00333 94 107 163 173
S4009L17_00334 94 106 163 174
S4009L18_00335 94 105 163 174
S4009R10_00347 94 110 162 171
S4009R15_00352 93 103 161 174
S4009R16_00353 92 109 161 173
S4009R17_00354 94 106 161 174
S4009R18_00355 94 103 162 174
S4040L01_01458 95 102 161 168
S4040L02_01459 95 103 161 169
S4040L13_01470 92 113 155 165
S4040L18_01475 98 112 161 164
S4040L19_01476 94 125 157 168
S4040R01_01478 94 108 162 170
S4040R02_01479 94 103 161 169
S4040R13_01490 96 101 159 158
S4040R18_01495 102 106 164 164
S4040R19_01496 95 102 158 157
S4041L05_01502 94 94 162 160
S4041L06_01503 95 97 162 162
S4041L07_01504 94 99 161 163
S4041L13_01510 95 91 160 157
S4041L14_01511 93 99 160 157
S4041R05_01522 94 99 161 163
S4041R06_01523 96 98 161 162
S4041R07_01524 94 98 160 163
S4041R13_01530 95 93 161 160
S4041R14_01531 96 99 159 156
S4042L05_01542 94 106 162 165
S4042L12_01549 95 109 161 165
S4042L13_01550 94 107 160 163
S4042L15_01552 97 98 158 154
S4042L18_01555 98 103 157 159
S4042R05_01562 97 106 160 165
S4042R12_01569 97 108 161 164
S4042R13_01570 97 106 160 162
S4042R15_01572 99 107 155 162
S4042R18_01575 99 102 151 157
S4043L01_01578 94 110 161 171
S4043L03_01580 96 110 163 173
S4043L07_01584 96 109 160 166
S4043L09_01586 97 116 161 166
S4043L10_01587 97 103 159 164
S4043R01_01598 94 111 161 171
S4043R03_01600 94 109 160 173
S4043R07_01604 95 111 161 168
S4043R09_01606 94 116 160 168
S4043R10_01607 98 105 161 166
S4044L00_01617 94 111 161 154
S4044L09_01626 93 108 163 172
S4044L14_01631 95 111 161 168
S4044L18_01635 94 107 162 170
S4044L19_01636 94 107 162 169
S4044R00_01637 94 109 161 162
S4044R09_01646 94 104 161 173
S4044R14_01651 93 114 161 172
S4044R18_01655 94 101 161 168
S4044R19_01656 94 102 161 167
S4045L00_01657 95 109 160 163
S4045L01_01658 94 106 160 161
S4045L06_01663 95 110 159 163
S4045L08_01665 95 109 160 164
S4045L10_01667 95 109 161 167
S4045R00_01677 96 105 162 163
S4045R01_01678 97 106 161 162
S4045R06_01683 98 113 161 164
S4045R08_01685 96 107 163 163
S4045R10_01687 96 108 161 169
S4046L01_01698 92 103 164 171
S4046L03_01700 92 108 163 166
S4046L08_01705 93 106 165 158
S4046L11_01708 95 103 163 176
S4046L14_01711 92 104 164 171
S4046R01_01718 92 106 163 172
S4046R03_01720 91 112 162 168
S4046R08_01725 92 108 165 159
S4046R11_01728 88 106 162 174
S4046R14_01731 89 105 162 173
S4047L00_01737 89 89 157 160
S4047L02_01739 93 101 163 169
S4047L07_01744 92 101 163 168
S4047L11_01748 93 106 163 168
S4047L12_01749 94 107 163 167
S4047R00_01757 94 102 160 172
S4047R02_01759 94 100 162 170
S4047R07_01764 94 102 162 171
S4047R11_01768 94 104 161 170
S4047R12_01769 97 114 161 169
S4048L00_01777 98 92 159 170
S4048L01_01778 98 99 158 168
S4048L13_01790 98 108 158 168
S4048L17_01794 98 102 157 166
S4048L19_01796 99 103 158 168
S4048R00_01797 99 99 159 169
S4048R01_01798 98 105 157 169
S4048R13_01810 94 113 157 165
S4048R17_01814 95 113 158 165
S4048R19_01816 93 113 158 168
S4049L00_01817 96 102 161 165
S4049L05_01822 95 105 160 171
S4049L09_01826 95 102 161 169
S4049L12_01829 98 106 159 170
S4049L18_01835 100 106 161 165
S4049R00_01837 96 103 161 170
S4049R05_01842 95 102 160 169
S4049R09_01846 95 101 159 169
S4049R12_01849 98 95 157 158
S4049R18_01855 96 101 154 160
S4050L00_01857 93 112 158 165
S4050L04_01861 94 113 159 166
S4050L09_01866 96 109 159 169
S4050L11_01868 94 108 160 169
S4050L12_01869 94 109 160 170
S4050R00_01877 96 114 160 166
S4050R04_01881 95 110 160 166
S4050R09_01886 96 109 161 168
S4050R11_01888 96 110 161 168
S4050R12_01889 97 110 161 169
S4051L00_01897 96 107 160 168
S4051L08_01905 97 102 160 166
S4051L11_01908 96 99 159 165
S4051L13_01910 96 102 161 165
S4051L16_01913 97 100 160 164
S4051R00_01914 97 102 161 171
S4051R08_01922 97 101 161 172
S4051R11_01925 96 101 160 170
S4051R13_01927 96 101 160 170
S4051R16_01930 97 101 159 169
S4052L00_01931 91 91 164 168
S4052L01_01932 92 93 163 168
S4052L09_01940 91 95 165 168
S4052L15_01946 90 101 160 171
S4052L18_01949 91 93 160 165
S4052R00_01951 92 95 163 169
S4052R01_01952 93 98 163 169
S4052R09_01960 92 103 165 169
S4052R15_01966 94 106 162 169
S4052R18_01969 97 107 161 171
S4053L00_01971 92 111 162 169
S4053L04_01975 93 113 161 174
S4053L13_01984 93 107 159 170
S4053L14_01985 91 118 161 171
S4053L16_01987 94 109 160 170
S4053R00_01990 95 110 161 172
S4053R04_01994 92 111 163 176
S4053R13_02003 92 107 161 171
S4053R14_02004 94 117 161 173
S4053R16_02006 92 110 161 169
S4054L00_02009 94 100 162 168
S4054L02_02011 93 109 162 170
S4054L05_02014 94 103 162 168
S4054L07_02016 94 113 163 164
S4054L14_02023 94 111 157 161
S4054R00_02024 94 102 162 168
S4054R02_02026 93 109 161 166
S4054R05_02029 94 98 162 166
S4054R07_02031 95 113 160 165
S4054R14_02038 100 113 157 164
S4055L00_02039 93 96 162 168
S4055L01_02040 93 99 163 171
S4055L02_02041 94 100 163 170
S4055L03_02042 93 98 164 170
S4055L15_02054 111 107 160 168
S4055R00_02059 92 95 162 166
S4055R01_02060 93 98 163 167
S4055R02_02061 92 102 165 170
S4055R03_02062 93 99 162 168
S4055R15_02074 93 102 156 168
S4056L02_02081 94 110 161 173
S4056L03_02082 94 105 161 174
S4056L05_02084 94 103 163 172
S4056L06_02085 94 115 160 171
S4056L09_02088 94 108 161 171
S4056R02_02091 94 104 161 171
S4056R03_02092 93 102 162 171
S4056R05_02094 94 102 161 171
S4056R06_02095 95 113 161 169
S4056R09_02098 94 103 162 170
S4057L01_02100 94 108 157 166
S4057L05_02104 94 107 163 171
S4057L06_02105 93 106 163 171
S4057L07_02106 94 107 160 168
S4057L11_02110 99 106 161 166
S4057R01_02112 94 104 160 164
S4057R05_02116 93 105 161 172
S4057R06_02117 92 105 161 172
S4057R07_02118 94 105 162 167
S4057R11_02122 95 105 155 164
S4058L03_02126 94 90 162 162
S4058L07_02130 93 99 162 168
S4058L08_02131 94 84 162 163
S4058L12_02135 95 100 162 165
S4058L13_02136 93 99 161 160
S4058R03_02142 93 90 161 158
S4058R07_02146 95 98 162 163
S4058R08_02147 94 84 160 159
S4058R12_02151 95 99 162 156
S4058R13_02152 94 96 161 154
S4059L01_02156 86 104 153 165
S4059L03_02158 92 109 161 162
S4059L07_02162 93 110 158 168
S4059L08_02163 96 106 164 164
S4059L18_02173 93 101 162 169
S4059R01_02176 95 103 161 161
S4059R03_02178 96 107 150 157
S4059R07_02182 95 107 159 168
S4059R18_02193 94 108 162 169
