C100_S1_I1 113 105 165 160
C100_S1_I10 69 93 158 189
C100_S1_I11 63 66 151 168
C100_S1_I12 54 83 142 184
C100_S1_I13 74 76 192 206
C100_S1_I14 47 67 160 203
C100_S1_I15 130 49 216 179
C100_S1_I2 111 94 164 150
C100_S1_I3 121 93 165 150
C100_S1_I4 104 84 165 151
C100_S1_I5 90 101 151 168
C100_S1_I6 127 102 179 168
C100_S1_I7 100 90 172 172
C100_S1_I8 77 93 151 177
C100_S1_I9 96 98 169 167
C100_S2_I1 111 108 165 161
C100_S2_I10 90 89 178 180
C100_S2_I11 37 75 125 175
C100_S2_I12 112 105 179 194
C100_S2_I13 42 86 159 194
C100_S2_I14 85 91 167 192
C100_S2_I15 19 93 140 171
C100_S2_I2 119 84 169 144
C100_S2_I3 105 111 158 157
C100_S2_I4 103 108 163 173
C100_S2_I5 92 107 152 165
C100_S2_I6 99 138 157 187
C100_S2_I7 87 119 157 167
C100_S2_I8 104 103 174 170
C100_S2_I9 87 98 159 174
C101_S1_I1 101 117 149 165
C101_S1_I10 70 67 151 153
C101_S1_I11 52 84 121 177
C101_S1_I12 90 94 168 185
C101_S1_I13 73 71 179 193
C101_S1_I14 38 72 126 203
C101_S1_I15 92 47 198 169
C101_S1_I2 100 108 146 158
C101_S1_I3 111 105 160 149
C101_S1_I4 92 96 149 153
C101_S1_I5 96 94 149 159
C101_S1_I6 104 110 162 169
C101_S1_I7 99 95 165 152
C101_S1_I8 80 84 139 163
C101_S1_I9 93 97 159 169
C101_S2_I1 99 117 147 164
C101_S2_I10 83 79 162 156
C101_S2_I11 99 98 174 180
C101_S2_I12 60 78 120 175
C101_S2_I13 75 88 176 194
C101_S2_I14 103 84 199 193
C101_S2_I15 42 80 117 194
C101_S2_I2 109 108 157 160
C101_S2_I3 95 31 137 86
C101_S2_I4 90 91 144 145
C101_S2_I5 109 107 163 161
C101_S2_I6 86 90 130 158
C101_S2_I7 97 95 163 157
C101_S2_I8 109 108 172 176
C101_S2_I9 82 89 133 167
C102_S1_I1 102 110 148 159
C102_S1_I10 70 86 150 167
C102_S1_I11 72 71 149 159
C102_S1_I12 86 87 155 177
C102_S1_I13 63 70 167 187
C102_S1_I14 74 65 174 188
C102_S1_I15 73 62 172 187
C102_S1_I2 104 98 152 150
C102_S1_I3 104 93 147 146
C102_S1_I4 86 103 142 160
C102_S1_I5 73 101 127 161
C102_S1_I6 109 112 161 171
C102_S1_I7 84 102 153 162
C102_S1_I8 93 84 160 159
C102_S1_I9 95 95 156 169
C102_S2_I1 96 96 145 146
C102_S2_I10 88 86 167 163
C102_S2_I11 109 100 177 182
C102_S2_I12 68 109 140 192
C102_S2_I13 83 77 187 183
C102_S2_I14 133 84 215 187
C102_S2_I15 37 83 125 191
C102_S2_I2 119 113 164 164
C102_S2_I3 76 108 121 158
C102_S2_I4 100 122 155 171
C102_S2_I5 97 108 147 164
C102_S2_I6 88 116 140 175
C102_S2_I7 69 101 133 165
C102_S2_I8 97 91 154 159
C102_S2_I9 82 98 144 170
C103_S1_I1 91 95 143 155
C103_S1_I10 68 87 158 175
C103_S1_I11 54 84 133 187
C103_S1_I12 79 55 168 148
C103_S1_I13 72 75 192 195
C103_S1_I14 53 56 153 189
C103_S1_I15 90 62 202 197
C103_S1_I2 95 115 146 171
C103_S1_I3 99 94 151 152
C103_S1_I4 90 108 151 175
C103_S1_I5 74 90 131 159
C103_S1_I6 87 98 147 161
C103_S1_I7 83 94 155 160
C103_S1_I8 76 87 143 163
C103_S1_I9 98 103 170 173
C103_S2_I1 99 110 153 159
C103_S2_I10 74 96 160 179
C103_S2_I11 104 70 187 165
C103_S2_I12 64 96 137 196
C103_S2_I13 65 94 179 197
C103_S2_I14 112 61 216 189
C103_S2_I15 55 55 156 193
C103_S2_I2 107 101 159 163
C103_S2_I3 89 108 139 170
C103_S2_I4 100 107 160 170
C103_S2_I5 102 89 160 156
C103_S2_I6 90 93 146 159
C103_S2_I7 70 118 141 187
C103_S2_I8 113 102 180 178
C103_S2_I9 73 91 137 171
C104_S1_I1 90 113 143 166
C104_S1_I10 76 90 165 172
C104_S1_I11 57 76 142 174
C104_S1_I12 111 73 193 165
C104_S1_I13 61 71 178 185
C104_S1_I14 47 54 155 180
C104_S1_I15 105 53 204 181
C104_S1_I2 93 95 145 153
C104_S1_I3 109 111 158 168
C104_S1_I4 102 78 162 144
C104_S1_I5 108 96 167 161
C104_S1_I6 97 101 153 156
C104_S1_I7 90 105 163 169
C104_S1_I8 82 102 153 174
C104_S1_I9 99 97 166 162
C104_S2_I1 97 117 149 165
C104_S2_I10 86 90 174 168
C104_S2_I11 100 93 176 187
C104_S2_I12 46 79 126 181
C104_S2_I13 81 90 195 196
C104_S2_I14 118 87 211 216
C104_S2_I15 14 53 123 186
C104_S2_I2 113 101 162 159
C104_S2_I3 85 102 137 165
C104_S2_I4 104 97 164 156
C104_S2_I5 107 87 163 152
C104_S2_I6 90 88 149 159
C104_S2_I7 105 82 176 148
C104_S2_I8 93 90 157 168
C104_S2_I9 70 91 140 171
C10_S1_I1 95 113 146 151
C10_S1_I10 76 96 160 182
C10_S1_I11 67 86 147 170
C10_S1_I12 98 81 172 165
C10_S1_I13 67 77 171 184
C10_S1_I14 66 73 163 176
C10_S1_I15 88 78 174 178
C10_S1_I2 93 104 143 147
C10_S1_I3 99 95 145 148
C10_S1_I4 95 106 154 160
C10_S1_I5 97 108 153 164
C10_S1_I6 95 98 149 160
C10_S1_I7 92 102 160 169
C10_S1_I8 99 96 167 160
C10_S1_I9 91 91 155 159
C10_S2_I1 78 106 128 145
C10_S2_I10 76 85 162 169
C10_S2_I11 82 77 155 161
C10_S2_I12 80 88 170 168
C10_S2_I13 86 73 198 179
C10_S2_I14 101 73 188 192
C10_S2_I15 61 80 174 188
C10_S2_I2 104 116 172 158
C10_S2_I3 124 103 174 146
C10_S2_I4 110 91 169 141
C10_S2_I5 114 89 167 147
C10_S2_I6 88 117 148 169
C10_S2_I7 97 96 165 164
C10_S2_I8 101 96 163 160
C10_S2_I9 88 105 160 171
C11_S1_I1 101 106 155 150
C11_S1_I10 80 98 170 180
C11_S1_I11 71 99 151 182
C11_S1_I12 82 79 168 163
C11_S1_I13 58 101 175 203
C11_S1_I14 47 90 146 200
C11_S1_I15 112 90 221 190
C11_S1_I2 88 97 137 143
C11_S1_I3 98 116 149 160
C11_S1_I4 92 90 153 143
C11_S1_I5 84 108 142 161
C11_S1_I6 92 108 153 154
C11_S1_I7 96 102 167 167
C11_S1_I8 79 100 144 165
C11_S1_I9 94 104 163 166
C12_S1_I1 93 98 146 145
C12_S1_I10 80 89 167 170
C12_S1_I11 69 83 152 174
C12_S1_I12 80 96 160 176
C12_S1_I13 71 88 185 197
C12_S1_I14 52 79 160 196
C12_S1_I15 115 59 217 165
C12_S1_I2 91 108 142 156
C12_S1_I3 102 97 153 146
C12_S1_I4 100 86 159 138
C12_S1_I5 90 107 149 161
C12_S1_I6 92 98 149 149
C12_S1_I7 83 106 156 170
C12_S1_I8 81 94 151 160
C12_S1_I9 92 87 158 153
C13_S1_I1 101 117 156 165
C13_S1_I10 70 96 160 175
C13_S1_I11 61 100 139 180
C13_S1_I12 90 103 177 183
C13_S1_I13 61 108 182 217
C13_S1_I14 34 88 134 201
C13_S1_I15 93 69 209 183
C13_S1_I2 87 103 138 153
C13_S1_I3 102 102 158 150
C13_S1_I4 91 120 155 175
C13_S1_I5 85 107 142 163
C13_S1_I6 100 109 163 162
C13_S1_I7 85 103 158 169
C13_S1_I8 72 109 137 173
C13_S1_I9 92 102 166 168
C14_S1_I1 93 111 149 150
C14_S1_I10 77 89 167 173
C14_S1_I11 65 98 149 186
C14_S1_I12 77 89 156 175
C14_S1_I13 77 96 197 199
C14_S1_I14 19 92 130 202
C14_S1_I15 100 78 203 182
C14_S1_I2 81 88 134 136
C14_S1_I3 104 101 156 144
C14_S1_I4 97 112 158 165
C14_S1_I5 90 96 151 152
C14_S1_I6 93 110 153 161
C14_S1_I7 76 103 153 165
C14_S1_I8 76 108 150 171
C14_S1_I9 92 107 158 167
C15_S1_I1 98 103 147 151
C15_S1_I10 72 78 157 157
C15_S1_I11 55 70 130 156
C15_S1_I12 95 75 178 172
C15_S1_I13 58 79 173 186
C15_S1_I14 51 60 147 177
C15_S1_I15 127 44 231 177
C15_S1_I2 102 116 150 167
C15_S1_I3 115 98 160 156
C15_S1_I4 95 108 155 160
C15_S1_I5 73 96 128 155
C15_S1_I6 116 99 175 163
C15_S1_I7 97 102 168 167
C15_S1_I8 71 104 136 172
C15_S1_I9 111 81 180 153
C16_S1_I1 101 113 152 161
C16_S1_I10 66 97 153 180
C16_S1_I11 63 83 144 171
C16_S1_I12 90 72 170 161
C16_S1_I13 65 86 177 190
C16_S1_I14 11 67 115 186
C16_S1_I15 91 50 187 168
C16_S1_I2 89 118 139 165
C16_S1_I3 113 90 155 142
C16_S1_I4 95 104 155 158
C16_S1_I5 74 107 128 164
C16_S1_I6 115 96 169 155
C16_S1_I7 83 101 153 167
C16_S1_I8 79 105 148 174
C16_S1_I9 107 91 172 159
C17_S1_I1 84 99 138 163
C17_S1_I10 60 42 152 159
C17_S1_I11 51 64 131 183
C17_S1_I12 140 60 215 182
C17_S1_I13 51 41 171 193
C17_S1_I14 19 29 118 185
C17_S1_I15 118 36 227 189
C17_S1_I2 79 81 129 148
C17_S1_I3 124 83 176 153
C17_S1_I4 78 83 140 161
C17_S1_I5 80 90 137 171
C17_S1_I6 125 81 185 166
C17_S1_I7 83 77 157 172
C17_S1_I8 79 73 146 167
C17_S1_I9 117 69 181 170
C17_S2_I1 79 61 131 127
C17_S2_I10 0 88 80 202
C17_S2_I11 104 67 190 189
C17_S2_I12 74 85 146 205
C17_S2_I13 82 63 196 210
C17_S2_I14 93 33 199 198
C17_S2_I15 58 56 134 210
C17_S2_I2 104 120 155 188
C17_S2_I3 86 80 128 151
C17_S2_I4 77 98 137 173
C17_S2_I5 106 93 165 176
C17_S2_I6 81 67 124 145
C17_S2_I7 73 73 147 168
C17_S2_I8 97 76 167 174
C17_S2_I9 54 95 116 190
C18_S1_I1 99 94 153 155
C18_S1_I10 76 66 168 178
C18_S1_I11 58 65 147 185
C18_S1_I12 150 84 217 196
C18_S1_I13 70 45 192 192
C18_S1_I14 36 39 148 199
C18_S1_I15 116 43 215 187
C18_S1_I2 99 96 153 163
C18_S1_I3 124 93 162 160
C18_S1_I4 100 89 162 165
C18_S1_I5 99 88 160 167
C18_S1_I6 111 83 167 159
C18_S1_I7 87 63 162 157
C18_S1_I8 81 76 154 174
C18_S1_I9 134 64 195 159
C18_S2_I1 108 115 162 178
C18_S2_I10 109 59 200 170
C18_S2_I11 109 81 193 194
C18_S2_I12 77 67 160 187
C18_S2_I13 62 51 179 195
C18_S2_I14 85 61 185 221
C18_S2_I15 0 55 124 207
C18_S2_I2 111 107 160 171
C18_S2_I3 73 95 122 166
C18_S2_I4 120 104 181 176
C18_S2_I5 132 90 190 167
C18_S2_I6 63 112 133 195
C18_S2_I7 72 84 146 176
C18_S2_I8 122 100 190 192
C18_S2_I9 79 72 149 165
C19_S1_I1 95 113 148 163
C19_S1_I10 76 102 163 179
C19_S1_I11 82 90 159 175
C19_S1_I12 96 86 180 170
C19_S1_I13 70 86 185 195
C19_S1_I14 48 67 149 180
C19_S1_I15 92 78 200 201
C19_S1_I2 96 106 146 156
C19_S1_I3 110 105 163 155
C19_S1_I4 91 96 153 152
C19_S1_I5 82 96 139 157
C19_S1_I6 95 98 157 154
C19_S1_I7 80 101 152 153
C19_S1_I8 88 102 156 171
C19_S1_I9 100 91 170 161
C19_S2_I1 92 114 145 164
C19_S2_I10 75 108 167 191
C19_S2_I11 82 98 167 177
C19_S2_I12 60 128 130 182
C19_S2_I13 56 98 174 195
C19_S2_I14 87 75 203 202
C19_S2_I15 60 99 146 192
C19_S2_I2 91 121 145 171
C19_S2_I3 92 110 143 165
C19_S2_I4 83 86 146 136
C19_S2_I5 104 111 164 163
C19_S2_I6 73 106 131 165
C19_S2_I7 83 104 155 171
C19_S2_I8 107 96 173 171
C19_S2_I9 74 93 139 162
C1_S1_I1 99 103 155 153
C1_S1_I10 78 95 173 177
C1_S1_I11 77 86 167 175
C1_S1_I12 74 90 164 179
C1_S1_I13 61 93 176 193
C1_S1_I14 65 92 171 210
C1_S1_I15 78 52 185 177
C1_S1_I2 102 108 156 158
C1_S1_I3 102 103 157 156
C1_S1_I4 92 92 156 147
C1_S1_I5 86 96 151 158
C1_S1_I6 98 107 159 162
C1_S1_I7 86 94 160 158
C1_S1_I8 90 107 158 172
C1_S1_I9 87 87 157 156
C1_S2_I1 116 134 163 163
C1_S2_I10 75 96 163 167
C1_S2_I11 94 94 178 176
C1_S2_I12 58 105 139 187
C1_S2_I13 70 105 187 201
C1_S2_I14 72 87 174 205
C1_S2_I15 52 54 159 172
C1_S2_I2 89 109 142 158
C1_S2_I3 95 101 139 155
C1_S2_I4 91 134 151 181
C1_S2_I5 99 95 158 150
C1_S2_I6 90 112 144 176
C1_S2_I7 107 95 178 157
C1_S2_I8 106 83 173 155
C1_S2_I9 95 106 162 172
C20_S1_I1 90 100 142 151
C20_S1_I10 71 96 157 174
C20_S1_I11 70 85 153 180
C20_S1_I12 88 82 169 156
C20_S1_I13 76 73 190 182
C20_S1_I14 47 61 156 182
C20_S1_I15 77 76 183 182
C20_S1_I2 106 105 163 161
C20_S1_I3 101 101 153 153
C20_S1_I4 94 103 157 162
C20_S1_I5 89 96 149 159
C20_S1_I6 94 111 153 171
C20_S1_I7 85 103 158 153
C20_S1_I8 84 101 153 169
C20_S1_I9 77 96 148 163
C20_S2_I1 96 114 147 164
C20_S2_I10 93 81 182 165
C20_S2_I11 103 94 183 181
C20_S2_I12 36 96 112 171
C20_S2_I13 73 91 192 197
C20_S2_I14 91 82 188 197
C20_S2_I15 19 72 112 194
C20_S2_I2 113 100 164 153
C20_S2_I3 79 98 131 153
C20_S2_I4 111 113 172 171
C20_S2_I5 111 103 167 163
C20_S2_I6 60 102 121 159
C20_S2_I7 81 100 156 171
C20_S2_I8 83 84 147 162
C20_S2_I9 70 115 139 188
C21_S1_I1 97 113 153 163
C21_S1_I10 71 109 162 186
C21_S1_I11 59 97 131 182
C21_S1_I12 115 96 198 176
C21_S1_I13 61 88 172 188
C21_S1_I14 44 93 140 201
C21_S1_I15 112 69 213 173
C21_S1_I2 84 102 135 152
C21_S1_I3 106 95 154 147
C21_S1_I4 88 102 152 158
C21_S1_I5 81 109 137 168
C21_S1_I6 109 103 166 161
C21_S1_I7 86 94 158 161
C21_S1_I8 83 106 141 172
C21_S1_I9 111 116 177 181
C22_S1_I1 93 104 148 157
C22_S1_I10 81 83 169 167
C22_S1_I11 69 84 151 174
C22_S1_I12 116 94 194 171
C22_S1_I13 65 93 175 198
C22_S1_I14 50 87 152 200
C22_S1_I15 108 83 198 180
C22_S1_I2 83 101 135 151
C22_S1_I3 119 113 160 158
C22_S1_I4 104 100 168 157
C22_S1_I5 70 98 130 158
C22_S1_I6 111 108 162 165
C22_S1_I7 79 89 154 158
C22_S1_I8 76 94 144 165
C22_S1_I9 104 101 167 162
C23_S1_I1 106 94 158 145
C23_S1_I10 77 87 168 178
C23_S1_I11 58 69 137 165
C23_S1_I12 92 93 183 186
C23_S1_I13 59 67 182 195
C23_S1_I14 26 45 130 179
C23_S1_I15 112 42 222 171
C23_S1_I2 102 96 151 149
C23_S1_I3 95 81 144 133
C23_S1_I4 95 98 156 162
C23_S1_I5 92 101 149 161
C23_S1_I6 109 105 167 165
C23_S1_I7 75 92 146 166
C23_S1_I8 84 93 148 165
C23_S1_I9 110 88 176 159
C24_S1_I1 100 88 151 142
C24_S1_I10 94 83 184 183
C24_S1_I11 59 66 146 171
C24_S1_I12 67 86 155 177
C24_S1_I13 54 55 176 186
C24_S1_I14 23 49 137 195
C24_S1_I15 81 57 179 176
C24_S1_I2 93 112 144 169
C24_S1_I3 92 74 139 128
C24_S1_I4 94 108 153 171
C24_S1_I5 79 83 137 153
C24_S1_I6 102 100 155 160
C24_S1_I7 79 93 152 169
C24_S1_I8 78 77 149 160
C24_S1_I9 118 100 176 169
C25_S1_I1 94 119 146 165
C25_S1_I10 70 104 162 187
C25_S1_I11 83 89 163 178
C25_S1_I12 101 93 192 187
C25_S1_I13 51 91 172 203
C25_S1_I14 45 66 143 186
C25_S1_I15 84 88 203 211
C25_S1_I2 85 103 134 153
C25_S1_I3 101 112 155 161
C25_S1_I4 95 102 157 156
C25_S1_I5 91 102 148 158
C25_S1_I6 106 107 169 166
C25_S1_I7 87 96 162 165
C25_S1_I8 80 109 146 181
C25_S1_I9 97 93 172 167
C25_S2_I1 95 117 143 141
C25_S2_I10 63 109 153 194
C25_S2_I11 97 84 183 178
C25_S2_I12 60 92 144 177
C25_S2_I13 62 96 173 202
C25_S2_I14 74 63 182 189
C25_S2_I15 17 97 122 213
C25_S2_I2 104 108 156 159
C25_S2_I3 83 88 132 135
C25_S2_I4 93 118 154 171
C25_S2_I5 96 102 157 160
C25_S2_I6 67 113 122 171
C25_S2_I7 82 110 151 174
C25_S2_I8 47 100 119 174
C25_S2_I9 49 118 120 188
C26_S1_I1 92 101 144 153
C26_S1_I10 79 94 170 186
C26_S1_I11 66 79 153 179
C26_S1_I12 111 93 192 186
C26_S1_I13 72 79 193 201
C26_S1_I14 45 59 159 197
C26_S1_I15 89 83 194 206
C26_S1_I2 76 113 128 166
C26_S1_I3 102 101 152 153
C26_S1_I4 95 90 156 151
C26_S1_I5 92 89 153 153
C26_S1_I6 100 93 160 153
C26_S1_I7 85 96 161 168
C26_S1_I8 74 90 147 168
C26_S1_I9 104 92 172 165
C26_S2_I1 90 138 137 162
C26_S2_I10 97 104 188 188
C26_S2_I11 85 83 162 176
C26_S2_I12 102 99 191 191
C26_S2_I13 61 106 171 212
C26_S2_I14 105 84 192 203
C26_S2_I15 32 83 142 211
C26_S2_I2 111 105 158 153
C26_S2_I3 72 115 123 164
C26_S2_I4 117 120 177 172
C26_S2_I5 109 106 162 162
C26_S2_I6 94 108 153 167
C26_S2_I7 132 153 201 217
C26_S2_I8 79 124 140 193
C26_S2_I9 49 104 120 172
C27_S1_I1 85 105 137 147
C27_S1_I10 78 94 169 176
C27_S1_I11 44 90 126 174
C27_S1_I12 98 85 185 171
C27_S1_I13 57 74 179 191
C27_S1_I14 21 64 124 178
C27_S1_I15 92 77 206 190
C27_S1_I2 84 110 130 156
C27_S1_I3 108 110 158 153
C27_S1_I4 95 108 155 159
C27_S1_I5 92 93 144 147
C27_S1_I6 99 113 160 165
C27_S1_I7 90 109 162 172
C27_S1_I8 68 102 129 165
C27_S1_I9 90 82 162 145
C28_S1_I1 93 108 144 149
C28_S1_I10 76 97 167 182
C28_S1_I11 54 81 142 172
C28_S1_I12 86 94 170 176
C28_S1_I13 55 82 177 199
C28_S1_I14 34 64 148 189
C28_S1_I15 124 83 227 193
C28_S1_I2 98 102 146 150
C28_S1_I3 97 104 146 146
C28_S1_I4 102 94 162 146
C28_S1_I5 91 95 149 152
C28_S1_I6 99 108 157 159
C28_S1_I7 88 86 161 150
C28_S1_I8 60 91 132 159
C28_S1_I9 113 80 181 140
C29_S1_I1 99 107 153 165
C29_S1_I10 77 79 170 179
C29_S1_I11 60 84 140 193
C29_S1_I12 88 94 180 188
C29_S1_I13 55 68 177 202
C29_S1_I14 33 67 136 209
C29_S1_I15 111 55 230 188
C29_S1_I2 95 104 146 164
C29_S1_I3 102 99 156 157
C29_S1_I4 88 98 151 168
C29_S1_I5 85 100 144 173
C29_S1_I6 104 93 164 158
C29_S1_I7 84 95 157 174
C29_S1_I8 83 87 151 172
C29_S1_I9 108 90 176 167
C2_S1_I1 102 91 156 146
C2_S1_I10 79 98 170 190
C2_S1_I11 72 72 158 172
C2_S1_I12 96 89 181 188
C2_S1_I13 73 72 185 182
C2_S1_I14 65 53 166 181
C2_S1_I15 90 58 190 180
C2_S1_I2 98 86 149 142
C2_S1_I3 108 101 160 153
C2_S1_I4 100 96 161 159
C2_S1_I5 102 87 163 155
C2_S1_I6 102 102 160 164
C2_S1_I7 99 90 171 159
C2_S1_I8 94 86 163 161
C2_S1_I9 101 93 171 173
C2_S2_I1 103 109 155 149
C2_S2_I10 95 102 183 186
C2_S2_I11 88 84 165 175
C2_S2_I12 83 86 157 177
C2_S2_I13 72 79 188 185
C2_S2_I14 90 71 183 185
C2_S2_I15 38 51 140 173
C2_S2_I2 90 116 139 162
C2_S2_I3 99 103 147 160
C2_S2_I4 99 102 158 158
C2_S2_I5 106 84 162 142
C2_S2_I6 74 92 125 161
C2_S2_I7 90 86 162 154
C2_S2_I8 121 97 186 173
C2_S2_I9 81 84 147 160
C30_S1_I1 111 96 165 156
C30_S1_I10 83 75 174 173
C30_S1_I11 72 68 159 182
C30_S1_I12 104 105 188 199
C30_S1_I13 77 77 201 209
C30_S1_I14 44 51 160 203
C30_S1_I15 115 71 218 198
C30_S1_I2 96 100 151 162
C30_S1_I3 105 115 155 171
C30_S1_I4 97 95 159 163
C30_S1_I5 84 88 145 163
C30_S1_I6 111 102 166 165
C30_S1_I7 98 108 171 187
C30_S1_I8 91 84 162 172
C30_S1_I9 122 90 182 161
C31_S1_I1 105 101 158 159
C31_S1_I10 74 82 164 179
C31_S1_I11 50 84 128 188
C31_S1_I12 83 78 172 178
C31_S1_I13 51 69 171 198
C31_S1_I14 26 63 124 200
C31_S1_I15 99 69 213 195
C31_S1_I2 100 95 149 154
C31_S1_I3 104 102 154 159
C31_S1_I4 92 117 155 180
C31_S1_I5 78 86 136 153
C31_S1_I6 113 92 174 158
C31_S1_I7 77 84 149 166
C31_S1_I8 80 86 146 170
C31_S1_I9 95 94 165 176
C32_S1_I1 90 90 142 145
C32_S1_I10 73 73 164 171
C32_S1_I11 56 79 142 183
C32_S1_I12 104 85 186 188
C32_S1_I13 52 63 171 192
C32_S1_I14 24 55 135 189
C32_S1_I15 93 39 199 174
C32_S1_I2 82 104 134 162
C32_S1_I3 98 108 142 167
C32_S1_I4 94 95 155 161
C32_S1_I5 67 79 127 146
C32_S1_I6 97 82 151 147
C32_S1_I7 90 98 164 177
C32_S1_I8 58 74 131 155
C32_S1_I9 93 102 160 183
C33_S1_I1 98 112 147 159
C33_S1_I10 77 99 164 182
C33_S1_I11 65 79 140 164
C33_S1_I12 107 88 187 173
C33_S1_I13 56 59 171 169
C33_S1_I14 61 91 177 186
C33_S1_I15 83 69 191 185
C33_S1_I2 89 113 135 161
C33_S1_I3 104 94 153 139
C33_S1_I4 89 107 148 143
C33_S1_I5 86 100 142 138
C33_S1_I6 97 116 156 154
C33_S1_I7 74 107 143 169
C33_S1_I8 91 106 160 159
C33_S1_I9 97 102 160 159
C33_S2_I1 100 108 149 149
C33_S2_I10 84 89 168 168
C33_S2_I11 81 94 160 148
C33_S2_I12 72 87 141 157
C33_S2_I13 49 74 157 188
C33_S2_I14 91 66 192 176
C33_S2_I15 60 77 147 193
C33_S2_I2 108 114 157 152
C33_S2_I3 75 108 118 149
C33_S2_I4 88 108 146 144
C33_S2_I5 102 104 155 147
C33_S2_I6 66 87 105 144
C33_S2_I7 97 108 164 163
C33_S2_I8 122 87 176 157
C33_S2_I9 82 84 137 152
C34_S1_I1 94 109 144 158
C34_S1_I10 82 71 167 162
C34_S1_I11 56 90 139 182
C34_S1_I12 87 90 158 176
C34_S1_I13 72 59 185 182
C34_S1_I14 67 71 182 184
C34_S1_I15 112 74 205 190
C34_S1_I2 90 90 139 141
C34_S1_I3 100 108 147 155
C34_S1_I4 99 110 155 152
C34_S1_I5 95 117 152 163
C34_S1_I6 83 115 137 163
C34_S1_I7 67 88 140 155
C34_S1_I8 68 95 136 152
C34_S1_I9 116 87 171 152
C34_S2_I1 96 110 146 153
C34_S2_I10 73 84 155 171
C34_S2_I11 113 96 171 148
C34_S2_I12 68 111 143 179
C34_S2_I13 63 76 171 196
C34_S2_I14 78 81 166 192
C34_S2_I15 49 61 150 188
C34_S2_I2 125 114 171 159
C34_S2_I3 80 96 126 138
C34_S2_I4 88 121 146 159
C34_S2_I5 113 101 160 148
C34_S2_I6 86 78 133 141
C34_S2_I7 97 102 163 163
C34_S2_I8 140 96 188 162
C34_S2_I9 87 95 151 171
C35_S1_I1 99 105 150 152
C35_S1_I10 79 90 169 171
C35_S1_I11 71 93 149 182
C35_S1_I12 81 76 163 167
C35_S1_I13 68 79 186 196
C35_S1_I14 30 61 126 183
C35_S1_I15 79 48 176 184
C35_S1_I2 87 102 135 151
C35_S1_I3 111 87 160 139
C35_S1_I4 87 98 147 154
C35_S1_I5 90 91 143 153
C35_S1_I6 103 103 160 167
C35_S1_I7 82 105 153 160
C35_S1_I8 67 88 130 156
C35_S1_I9 99 102 166 176
C35_S2_I1 102 117 151 163
C35_S2_I10 97 82 179 176
C35_S2_I11 131 102 203 182
C35_S2_I12 41 113 101 193
C35_S2_I13 63 47 171 179
C35_S2_I14 124 93 219 201
C35_S2_I15 24 104 120 181
C35_S2_I2 97 85 147 138
C35_S2_I3 67 116 111 171
C35_S2_I4 108 105 164 167
C35_S2_I5 95 114 149 185
C35_S2_I6 71 99 123 168
C35_S2_I7 91 73 158 145
C35_S2_I8 100 59 158 143
C35_S2_I9 73 80 135 155
C36_S1_I1 102 110 153 155
C36_S1_I10 88 99 179 176
C36_S1_I11 72 78 156 161
C36_S1_I12 97 84 172 165
C36_S1_I13 69 85 188 195
C36_S1_I14 60 80 172 197
C36_S1_I15 95 85 179 205
C36_S1_I2 97 109 151 158
C36_S1_I3 111 104 157 151
C36_S1_I4 100 100 160 156
C36_S1_I5 84 92 142 149
C36_S1_I6 101 96 154 153
C36_S1_I7 91 106 162 163
C36_S1_I8 72 81 144 144
C36_S1_I9 106 91 168 158
C36_S2_I1 122 90 172 137
C36_S2_I10 94 80 178 166
C36_S2_I11 120 101 181 178
C36_S2_I12 67 81 143 159
C36_S2_I13 86 61 194 189
C36_S2_I14 134 93 211 199
C36_S2_I15 50 111 160 192
C36_S2_I2 81 108 128 158
C36_S2_I3 101 103 150 157
C36_S2_I4 85 96 143 153
C36_S2_I5 105 93 157 155
C36_S2_I6 86 105 144 168
C36_S2_I7 95 112 164 178
C36_S2_I8 128 107 176 182
C36_S2_I9 76 81 143 156
C37_S1_I1 88 110 143 167
C37_S1_I10 73 91 167 185
C37_S1_I11 70 88 157 189
C37_S1_I12 84 68 177 167
C37_S1_I13 62 62 186 182
C37_S1_I14 37 52 148 180
C37_S1_I15 54 69 177 193
C37_S1_I2 93 89 147 146
C37_S1_I3 84 98 140 157
C37_S1_I4 95 106 160 167
C37_S1_I5 81 90 143 155
C37_S1_I6 108 96 171 165
C37_S1_I7 79 85 155 162
C37_S1_I8 74 92 148 174
C37_S1_I9 88 91 165 170
C38_S1_I1 100 93 156 146
C38_S1_I10 81 91 175 173
C38_S1_I11 75 79 167 170
C38_S1_I12 72 72 158 160
C38_S1_I13 52 80 178 180
C38_S1_I14 69 66 190 183
C38_S1_I15 59 63 178 174
C38_S1_I2 93 98 149 155
C38_S1_I3 92 99 145 154
C38_S1_I4 92 94 155 151
C38_S1_I5 97 100 160 158
C38_S1_I6 97 92 155 160
C38_S1_I7 79 79 158 151
C38_S1_I8 89 84 167 159
C38_S1_I9 87 97 162 173
C39_S1_I1 97 113 149 169
C39_S1_I10 82 60 171 164
C39_S1_I11 70 79 151 182
C39_S1_I12 76 74 158 176
C39_S1_I13 47 29 163 159
C39_S1_I14 24 39 126 171
C39_S1_I15 93 49 198 178
C39_S1_I2 95 106 144 164
C39_S1_I3 114 101 155 157
C39_S1_I4 95 84 154 150
C39_S1_I5 86 90 144 160
C39_S1_I6 106 107 162 175
C39_S1_I7 83 68 151 149
C39_S1_I8 73 80 139 163
C39_S1_I9 106 97 167 169
C39_S2_I1 97 106 147 165
C39_S2_I10 58 83 141 182
C39_S2_I11 95 61 175 160
C39_S2_I12 42 90 110 183
C39_S2_I13 36 59 146 190
C39_S2_I14 38 45 139 180
C39_S2_I15 79 68 182 202
C39_S2_I2 98 92 147 153
C39_S2_I3 83 103 123 161
C39_S2_I4 105 90 164 158
C39_S2_I5 87 87 142 148
C39_S2_I6 84 108 123 170
C39_S2_I7 89 90 157 169
C39_S2_I8 101 89 165 170
C39_S2_I9 63 75 121 156
C3_S1_I1 106 103 160 152
C3_S1_I10 68 86 160 176
C3_S1_I11 64 61 146 153
C3_S1_I12 88 84 176 180
C3_S1_I13 61 61 184 181
C3_S1_I14 52 55 158 180
C3_S1_I15 80 71 189 200
C3_S1_I2 98 94 150 147
C3_S1_I3 102 95 156 145
C3_S1_I4 89 102 152 160
C3_S1_I5 92 89 151 153
C3_S1_I6 98 100 160 162
C3_S1_I7 88 90 162 161
C3_S1_I8 83 92 151 164
C3_S1_I9 93 108 165 172
C40_S1_I1 90 84 140 142
C40_S1_I10 88 55 175 163
C40_S1_I11 68 55 148 165
C40_S1_I12 93 59 173 167
C40_S1_I13 56 28 172 169
C40_S1_I14 41 52 146 193
C40_S1_I15 100 68 200 206
C40_S1_I2 102 89 151 151
C40_S1_I3 121 97 160 153
C40_S1_I4 99 90 157 166
C40_S1_I5 111 85 169 161
C40_S1_I6 106 110 159 180
C40_S1_I7 98 86 168 172
C40_S1_I8 85 63 153 153
C40_S1_I9 106 76 162 155
C40_S2_I1 104 104 153 167
C40_S2_I10 72 77 156 180
C40_S2_I11 87 86 165 182
C40_S2_I12 67 93 138 188
C40_S2_I13 67 76 179 212
C40_S2_I14 56 50 163 196
C40_S2_I15 99 64 202 200
C40_S2_I2 95 96 141 161
C40_S2_I3 85 99 125 160
C40_S2_I4 86 95 143 165
C40_S2_I5 101 90 153 154
C40_S2_I6 84 96 126 160
C40_S2_I7 97 84 164 167
C40_S2_I8 111 91 171 173
C40_S2_I9 68 98 128 182
C41_S1_I1 99 91 154 148
C41_S1_I10 79 69 172 167
C41_S1_I11 63 73 146 175
C41_S1_I12 95 73 183 170
C41_S1_I13 53 56 173 181
C41_S1_I14 20 28 117 170
C41_S1_I15 97 44 207 179
C41_S1_I2 98 106 149 164
C41_S1_I3 101 98 154 154
C41_S1_I4 93 92 158 159
C41_S1_I5 82 85 142 155
C41_S1_I6 86 90 149 158
C41_S1_I7 87 78 163 159
C41_S1_I8 90 53 158 135
C41_S1_I9 73 86 149 165
C42_S1_I1 96 83 151 138
C42_S1_I10 93 88 185 181
C42_S1_I11 83 75 171 175
C42_S1_I12 116 75 197 163
C42_S1_I13 79 67 197 185
C42_S1_I14 34 20 143 153
C42_S1_I15 119 72 215 188
C42_S1_I2 97 96 149 153
C42_S1_I3 107 96 156 147
C42_S1_I4 98 96 162 156
C42_S1_I5 103 88 165 153
C42_S1_I6 95 101 154 163
C42_S1_I7 93 77 171 154
C42_S1_I8 93 76 166 154
C42_S1_I9 73 97 145 171
C43_S1_I1 95 96 144 144
C43_S1_I10 77 89 160 169
C43_S1_I11 61 84 136 167
C43_S1_I12 91 74 172 159
C43_S1_I13 54 88 164 193
C43_S1_I14 47 76 140 183
C43_S1_I15 104 83 208 194
C43_S1_I2 112 89 159 137
C43_S1_I3 106 88 155 136
C43_S1_I4 87 102 144 157
C43_S1_I5 90 102 144 161
C43_S1_I6 99 107 156 163
C43_S1_I7 77 123 144 187
C43_S1_I8 92 107 155 173
C43_S1_I9 84 99 152 166
C43_S2_I1 99 118 148 160
C43_S2_I10 103 55 184 131
C43_S2_I11 88 65 163 147
C43_S2_I12 45 89 109 170
C43_S2_I13 78 62 182 164
C43_S2_I14 70 74 163 182
C43_S2_I15 55 89 149 193
C43_S2_I2 93 113 142 160
C43_S2_I3 108 118 153 163
C43_S2_I4 128 119 185 172
C43_S2_I5 165 140 220 195
C43_S2_I6 88 156 140 211
C43_S2_I7 92 137 157 200
C43_S2_I8 105 79 167 148
C43_S2_I9 100 157 156 220
C44_S1_I1 88 96 137 138
C44_S1_I10 68 105 154 177
C44_S1_I11 76 103 158 181
C44_S1_I12 90 102 166 172
C44_S1_I13 68 88 179 181
C44_S1_I14 47 90 151 188
C44_S1_I15 131 107 225 196
C44_S1_I2 110 115 157 159
C44_S1_I3 108 107 154 148
C44_S1_I4 78 112 135 158
C44_S1_I5 94 102 151 152
C44_S1_I6 111 103 162 151
C44_S1_I7 79 91 151 146
C44_S1_I8 101 112 169 171
C44_S1_I9 102 108 167 167
C44_S2_I1 109 122 158 162
C44_S2_I10 58 88 139 155
C44_S2_I11 74 100 143 176
C44_S2_I12 106 102 178 177
C44_S2_I13 34 106 140 200
C44_S2_I14 81 73 167 168
C44_S2_I15 60 96 162 195
C44_S2_I2 102 115 147 157
C44_S2_I3 93 107 142 148
C44_S2_I4 91 131 147 177
C44_S2_I5 113 136 167 186
C44_S2_I6 60 151 115 203
C44_S2_I7 98 135 165 190
C44_S2_I8 134 108 194 170
C44_S2_I9 35 98 98 159
C45_S1_I1 95 98 145 142
C45_S1_I10 86 98 172 170
C45_S1_I11 84 93 163 176
C45_S1_I12 111 96 178 181
C45_S1_I13 47 81 160 182
C45_S1_I14 70 69 165 179
C45_S1_I15 67 60 169 173
C45_S1_I2 102 105 151 152
C45_S1_I3 108 83 149 133
C45_S1_I4 86 95 146 146
C45_S1_I5 95 91 151 143
C45_S1_I6 114 98 169 153
C45_S1_I7 93 90 162 153
C45_S1_I8 89 93 152 161
C45_S1_I9 98 92 160 165
C45_S2_I1 93 115 144 160
C45_S2_I10 77 91 160 176
C45_S2_I11 113 85 190 172
C45_S2_I12 47 98 108 179
C45_S2_I13 76 73 183 191
C45_S2_I14 101 54 196 171
C45_S2_I15 59 70 133 176
C45_S2_I2 109 107 158 147
C45_S2_I3 87 119 128 161
C45_S2_I4 95 108 152 167
C45_S2_I5 91 84 146 142
C45_S2_I6 88 114 128 171
C45_S2_I7 76 85 145 154
C45_S2_I8 108 109 172 181
C45_S2_I9 89 93 146 161
C46_S1_I1 95 105 144 150
C46_S1_I10 96 107 182 179
C46_S1_I11 82 101 163 182
C46_S1_I12 105 102 163 180
C46_S1_I13 73 77 185 178
C46_S1_I14 71 78 172 193
C46_S1_I15 80 59 175 168
C46_S1_I2 91 113 140 161
C46_S1_I3 125 102 161 156
C46_S1_I4 99 102 156 152
C46_S1_I5 81 88 137 141
C46_S1_I6 93 100 144 153
C46_S1_I7 102 95 174 159
C46_S1_I8 90 100 157 172
C46_S1_I9 111 90 168 159
C46_S2_I1 79 113 129 159
C46_S2_I10 112 100 195 182
C46_S2_I11 97 90 169 175
C46_S2_I12 59 98 128 177
C46_S2_I13 76 104 181 217
C46_S2_I14 97 67 184 180
C46_S2_I15 47 90 131 192
C46_S2_I2 94 98 141 140
C46_S2_I3 75 102 119 147
C46_S2_I4 97 112 153 168
C46_S2_I5 92 108 144 164
C46_S2_I6 83 104 128 160
C46_S2_I7 90 109 158 176
C46_S2_I8 96 109 158 174
C46_S2_I9 79 92 142 156
C47_S1_I1 90 116 144 163
C47_S1_I10 63 107 153 187
C47_S1_I11 70 93 151 175
C47_S1_I12 95 95 182 172
C47_S1_I13 47 79 172 182
C47_S1_I14 61 77 164 180
C47_S1_I15 75 95 192 194
C47_S1_I2 98 108 149 154
C47_S1_I3 104 101 147 144
C47_S1_I4 86 117 150 171
C47_S1_I5 96 108 154 159
C47_S1_I6 90 105 149 155
C47_S1_I7 85 92 160 156
C47_S1_I8 79 96 144 157
C47_S1_I9 108 108 178 169
C47_S2_I1 108 105 159 151
C47_S2_I10 82 84 167 164
C47_S2_I11 106 100 189 173
C47_S2_I12 63 104 130 175
C47_S2_I13 55 82 167 182
C47_S2_I14 97 75 203 171
C47_S2_I15 46 78 142 172
C47_S2_I2 110 113 161 158
C47_S2_I3 107 108 149 151
C47_S2_I4 89 93 148 142
C47_S2_I5 98 129 156 177
C47_S2_I6 96 113 151 162
C47_S2_I7 68 98 139 156
C47_S2_I8 125 126 192 182
C47_S2_I9 71 104 130 160
C48_S1_I1 84 100 138 147
C48_S1_I10 67 99 158 185
C48_S1_I11 83 98 172 183
C48_S1_I12 88 81 165 161
C48_S1_I13 68 84 191 196
C48_S1_I14 45 84 159 194
C48_S1_I15 65 83 170 193
C48_S1_I2 96 100 149 147
C48_S1_I3 114 115 148 161
C48_S1_I4 99 100 161 158
C48_S1_I5 87 112 148 169
C48_S1_I6 74 89 129 144
C48_S1_I7 81 109 156 176
C48_S1_I8 93 90 168 153
C48_S1_I9 88 96 148 162
C48_S2_I1 105 117 156 163
C48_S2_I10 77 107 162 184
C48_S2_I11 109 77 181 152
C48_S2_I12 84 93 162 172
C48_S2_I13 74 91 188 199
C48_S2_I14 109 74 200 176
C48_S2_I15 35 64 143 169
C48_S2_I2 97 105 146 154
C48_S2_I3 91 134 139 179
C48_S2_I4 84 112 144 162
C48_S2_I5 102 118 158 170
C48_S2_I6 106 103 165 153
C48_S2_I7 99 113 172 172
C48_S2_I8 108 97 170 157
C48_S2_I9 63 129 128 190
C49_S1_I1 99 120 147 169
C49_S1_I10 84 93 165 169
C49_S1_I11 54 80 126 163
C49_S1_I12 72 91 149 170
C49_S1_I13 50 75 162 171
C49_S1_I14 61 64 153 179
C49_S1_I15 86 85 184 186
C49_S1_I2 115 110 161 153
C49_S1_I3 92 109 139 152
C49_S1_I4 101 95 156 147
C49_S1_I5 93 108 146 159
C49_S1_I6 88 101 143 151
C49_S1_I7 106 96 172 142
C49_S1_I8 104 106 163 161
C49_S1_I9 83 96 149 150
C49_S2_I1 105 117 151 149
C49_S2_I10 94 113 172 180
C49_S2_I11 104 91 176 165
C49_S2_I12 96 110 174 187
C49_S2_I13 76 84 176 186
C49_S2_I14 101 64 191 177
C49_S2_I15 49 72 135 190
C49_S2_I2 109 105 154 145
C49_S2_I3 104 119 142 161
C49_S2_I4 92 117 147 156
C49_S2_I5 97 94 149 138
C49_S2_I6 80 110 127 155
C49_S2_I7 75 108 139 166
C49_S2_I8 97 80 157 142
C49_S2_I9 90 88 142 148
C4_S1_I1 96 106 149 159
C4_S1_I10 84 77 175 169
C4_S1_I11 77 64 162 159
C4_S1_I12 78 81 160 180
C4_S1_I13 58 73 177 197
C4_S1_I14 67 63 178 195
C4_S1_I15 89 67 188 193
C4_S1_I2 102 107 156 159
C4_S1_I3 97 90 149 145
C4_S1_I4 93 90 155 152
C4_S1_I5 95 90 155 155
C4_S1_I6 92 96 152 160
C4_S1_I7 88 99 163 169
C4_S1_I8 89 90 161 163
C4_S1_I9 84 90 156 159
C50_S1_I1 106 106 154 153
C50_S1_I10 93 107 173 177
C50_S1_I11 76 78 152 155
C50_S1_I12 74 90 148 159
C50_S1_I13 63 83 172 170
C50_S1_I14 47 65 146 173
C50_S1_I15 88 80 176 176
C50_S1_I2 96 112 142 153
C50_S1_I3 94 86 140 127
C50_S1_I4 94 84 148 134
C50_S1_I5 91 114 144 166
C50_S1_I6 100 109 153 159
C50_S1_I7 94 100 160 143
C50_S1_I8 72 110 136 160
C50_S1_I9 95 94 160 143
C50_S2_I1 95 125 140 153
C50_S2_I10 90 109 169 171
C50_S2_I11 81 79 149 146
C50_S2_I12 100 108 179 177
C50_S2_I13 76 90 177 182
C50_S2_I14 70 96 153 194
C50_S2_I15 69 61 163 171
C50_S2_I2 124 114 166 148
C50_S2_I3 99 102 140 142
C50_S2_I4 81 107 134 146
C50_S2_I5 96 102 146 142
C50_S2_I6 81 125 130 167
C50_S2_I7 106 119 168 171
C50_S2_I8 100 80 156 138
C50_S2_I9 85 86 144 146
C51_S1_I1 105 90 158 136
C51_S1_I10 82 71 169 150
C51_S1_I11 104 77 178 158
C51_S1_I12 100 74 184 156
C51_S1_I13 67 59 185 165
C51_S1_I14 81 63 176 175
C51_S1_I15 110 55 219 161
C51_S1_I2 109 102 158 148
C51_S1_I3 90 95 142 142
C51_S1_I4 89 102 149 153
C51_S1_I5 83 75 140 129
C51_S1_I6 94 86 154 139
C51_S1_I7 93 105 164 155
C51_S1_I8 95 84 160 146
C51_S1_I9 118 94 183 154
C52_S1_I1 98 91 149 136
C52_S1_I10 92 100 180 182
C52_S1_I11 78 77 162 165
C52_S1_I12 97 70 172 153
C52_S1_I13 65 74 182 181
C52_S1_I14 12 64 121 181
C52_S1_I15 127 74 226 180
C52_S1_I2 93 90 145 136
C52_S1_I3 108 93 159 140
C52_S1_I4 109 104 171 155
C52_S1_I5 93 103 153 156
C52_S1_I6 106 83 158 133
C52_S1_I7 99 104 176 158
C52_S1_I8 104 79 176 144
C52_S1_I9 125 98 181 157
C57_S1_I1 94 106 146 164
C57_S1_I10 75 67 166 167
C57_S1_I11 74 80 154 179
C57_S1_I12 108 78 194 179
C57_S1_I13 47 66 168 196
C57_S1_I14 51 45 151 180
C57_S1_I15 84 50 198 192
C57_S1_I2 94 92 142 148
C57_S1_I3 115 102 161 159
C57_S1_I4 97 93 158 160
C57_S1_I5 89 96 146 165
C57_S1_I6 99 93 158 159
C57_S1_I7 100 89 172 171
C57_S1_I8 84 76 150 156
C57_S1_I9 118 87 186 169
C58_S1_I1 99 105 153 163
C58_S1_I10 82 90 174 187
C58_S1_I11 60 84 147 188
C58_S1_I12 119 82 195 180
C58_S1_I13 62 58 184 192
C58_S1_I14 51 31 163 170
C58_S1_I15 110 46 215 182
C58_S1_I2 88 96 140 157
C58_S1_I3 105 93 146 149
C58_S1_I4 97 82 160 149
C58_S1_I5 87 88 148 159
C58_S1_I6 98 84 152 150
C58_S1_I7 97 78 173 159
C58_S1_I8 64 79 136 159
C58_S1_I9 120 79 184 155
C59_S1_I1 93 108 146 168
C59_S1_I10 67 69 158 173
C59_S1_I11 54 67 132 172
C59_S1_I12 106 79 193 185
C59_S1_I13 54 47 176 188
C59_S1_I14 44 49 142 189
C59_S1_I15 93 40 207 184
C59_S1_I2 98 93 148 152
C59_S1_I3 125 108 172 165
C59_S1_I4 97 98 160 165
C59_S1_I5 86 90 143 157
C59_S1_I6 113 90 168 159
C59_S1_I7 97 90 171 171
C59_S1_I8 79 82 144 163
C59_S1_I9 115 81 181 165
C5_S1_I1 97 104 152 152
C5_S1_I10 84 95 179 180
C5_S1_I11 86 105 167 192
C5_S1_I12 90 99 183 184
C5_S1_I13 65 93 188 205
C5_S1_I14 60 84 161 199
C5_S1_I15 94 84 211 200
C5_S1_I2 98 102 148 148
C5_S1_I3 91 115 144 163
C5_S1_I4 97 105 161 160
C5_S1_I5 93 109 153 165
C5_S1_I6 90 100 153 154
C5_S1_I7 99 112 174 178
C5_S1_I8 87 91 154 159
C5_S1_I9 95 120 167 186
C5_S2_I1 90 110 143 153
C5_S2_I10 80 79 172 161
C5_S2_I11 93 75 181 170
C5_S2_I12 51 64 120 145
C5_S2_I13 38 61 154 166
C5_S2_I14 73 68 183 191
C5_S2_I15 66 73 151 172
C5_S2_I2 95 108 150 155
C5_S2_I3 90 114 142 159
C5_S2_I4 88 112 149 166
C5_S2_I5 113 113 174 170
C5_S2_I6 109 120 165 173
C5_S2_I7 85 98 160 161
C5_S2_I8 95 101 166 171
C5_S2_I9 76 100 137 165
C60_S1_I1 106 96 160 155
C60_S1_I10 103 71 193 176
C60_S1_I11 68 64 157 175
C60_S1_I12 102 70 176 173
C60_S1_I13 73 49 193 192
C60_S1_I14 35 41 151 189
C60_S1_I15 115 34 210 174
C60_S1_I2 93 83 147 145
C60_S1_I3 106 104 142 164
C60_S1_I4 99 88 160 155
C60_S1_I5 81 92 143 163
C60_S1_I6 120 87 163 154
C60_S1_I7 86 91 161 178
C60_S1_I8 67 81 141 167
C60_S1_I9 118 78 172 158
C61_S1_I1 91 96 142 147
C61_S1_I10 77 100 166 188
C61_S1_I11 50 74 127 163
C61_S1_I12 111 82 178 175
C61_S1_I13 51 57 168 177
C61_S1_I14 38 50 134 171
C61_S1_I15 93 40 201 163
C61_S1_I2 102 117 149 148
C61_S1_I3 118 93 159 145
C61_S1_I4 96 95 155 153
C61_S1_I5 72 91 127 152
C61_S1_I6 100 91 156 148
C61_S1_I7 98 94 166 164
C61_S1_I8 89 92 152 159
C61_S1_I9 104 92 163 165
C61_S2_I1 68 122 118 172
C61_S2_I10 71 90 155 175
C61_S2_I11 84 110 163 202
C61_S2_I12 53 64 126 154
C61_S2_I13 79 67 188 182
C61_S2_I14 96 60 193 186
C61_S2_I15 54 61 153 185
C61_S2_I2 113 100 162 151
C61_S2_I3 99 125 146 174
C61_S2_I4 80 79 137 136
C61_S2_I5 117 97 171 159
C61_S2_I6 111 94 167 153
C61_S2_I7 76 93 142 164
C61_S2_I8 93 69 156 141
C61_S2_I9 77 102 140 172
C62_S1_I1 88 95 138 147
C62_S1_I10 66 74 152 164
C62_S1_I11 47 53 131 144
C62_S1_I12 130 72 180 159
C62_S1_I13 75 61 191 184
C62_S1_I14 76 58 183 182
C62_S1_I15 109 57 205 178
C62_S1_I2 90 116 144 153
C62_S1_I3 129 112 163 160
C62_S1_I4 99 113 158 172
C62_S1_I5 108 82 167 140
C62_S1_I6 113 95 165 153
C62_S1_I7 88 98 158 171
C62_S1_I8 77 88 147 158
C62_S1_I9 133 108 183 175
C62_S2_I1 110 118 160 171
C62_S2_I10 63 78 145 168
C62_S2_I11 84 95 155 185
C62_S2_I12 83 90 162 182
C62_S2_I13 62 76 171 194
C62_S2_I14 103 79 188 200
C62_S2_I15 76 82 181 203
C62_S2_I2 110 101 156 154
C62_S2_I3 113 108 162 159
C62_S2_I4 106 111 162 169
C62_S2_I5 113 102 163 163
C62_S2_I6 77 91 133 153
C62_S2_I7 94 95 160 167
C62_S2_I8 97 80 156 152
C62_S2_I9 94 101 161 173
C63_S1_I1 95 90 147 152
C63_S1_I10 74 80 163 185
C63_S1_I11 60 67 139 175
C63_S1_I12 95 67 168 168
C63_S1_I13 28 54 142 194
C63_S1_I14 33 59 130 188
C63_S1_I15 115 44 183 180
C63_S1_I2 106 84 155 145
C63_S1_I3 113 107 157 166
C63_S1_I4 86 104 146 178
C63_S1_I5 86 90 141 161
C63_S1_I6 124 97 163 153
C63_S1_I7 96 102 169 187
C63_S1_I8 87 89 153 177
C63_S1_I9 64 90 135 159
C64_S1_I1 93 96 145 162
C64_S1_I10 58 62 147 174
C64_S1_I11 67 70 155 182
C64_S1_I12 124 86 187 176
C64_S1_I13 61 41 176 186
C64_S1_I14 68 44 176 174
C64_S1_I15 159 82 217 206
C64_S1_I2 99 95 152 159
C64_S1_I3 120 97 158 150
C64_S1_I4 104 79 165 155
C64_S1_I5 86 87 144 163
C64_S1_I6 129 97 163 151
C64_S1_I7 81 78 153 160
C64_S1_I8 81 76 151 167
C64_S1_I9 77 96 151 170
C65_S1_I1 89 98 140 149
C65_S1_I10 75 87 160 169
C65_S1_I11 73 61 149 142
C65_S1_I12 124 77 185 170
C65_S1_I13 68 76 180 196
C65_S1_I14 56 49 150 169
C65_S1_I15 77 42 183 158
C65_S1_I2 78 103 126 152
C65_S1_I3 102 113 151 165
C65_S1_I4 99 130 156 185
C65_S1_I5 83 88 137 150
C65_S1_I6 99 96 155 153
C65_S1_I7 85 107 153 177
C65_S1_I8 98 103 162 169
C65_S1_I9 103 90 162 164
C66_S1_I1 84 108 135 156
C66_S1_I10 87 89 173 167
C66_S1_I11 72 98 153 179
C66_S1_I12 121 101 175 187
C66_S1_I13 76 78 188 195
C66_S1_I14 50 55 153 177
C66_S1_I15 93 55 189 162
C66_S1_I2 106 113 157 159
C66_S1_I3 104 97 152 147
C66_S1_I4 109 78 169 133
C66_S1_I5 70 86 128 141
C66_S1_I6 86 108 139 160
C66_S1_I7 79 102 149 169
C66_S1_I8 93 92 159 156
C66_S1_I9 102 113 159 178
C67_S1_I1 100 102 149 147
C67_S1_I10 67 85 151 159
C67_S1_I11 98 86 171 167
C67_S1_I12 82 95 161 176
C67_S1_I13 65 83 177 184
C67_S1_I14 62 86 153 182
C67_S1_I15 72 78 179 169
C67_S1_I2 104 102 153 150
C67_S1_I3 97 98 146 147
C67_S1_I4 99 103 156 158
C67_S1_I5 103 102 156 157
C67_S1_I6 83 103 139 157
C67_S1_I7 83 93 149 155
C67_S1_I8 93 113 155 182
C67_S1_I9 89 103 157 168
C68_S1_I1 95 102 146 151
C68_S1_I10 68 79 152 159
C68_S1_I11 67 96 148 186
C68_S1_I12 88 89 161 176
C68_S1_I13 79 77 190 187
C68_S1_I14 70 68 175 179
C68_S1_I15 90 73 185 177
C68_S1_I2 101 117 151 167
C68_S1_I3 107 88 155 140
C68_S1_I4 93 93 150 153
C68_S1_I5 109 84 167 147
C68_S1_I6 119 94 172 147
C68_S1_I7 101 93 170 158
C68_S1_I8 89 90 157 165
C68_S1_I9 84 90 147 155
C69_S1_I1 90 92 139 134
C69_S1_I10 83 89 167 161
C69_S1_I11 69 70 146 156
C69_S1_I12 109 74 188 163
C69_S1_I13 63 72 177 168
C69_S1_I14 52 55 147 173
C69_S1_I15 86 55 193 171
C69_S1_I2 78 97 128 140
C69_S1_I3 112 109 162 153
C69_S1_I4 104 117 162 165
C69_S1_I5 104 102 158 158
C69_S1_I6 119 111 174 164
C69_S1_I7 84 94 154 154
C69_S1_I8 93 90 158 157
C69_S1_I9 90 78 157 147
C6_S1_I1 103 107 158 158
C6_S1_I10 83 90 176 180
C6_S1_I11 84 90 175 183
C6_S1_I12 93 101 176 187
C6_S1_I13 58 76 183 194
C6_S1_I14 63 82 180 208
C6_S1_I15 109 79 211 196
C6_S1_I2 99 107 155 156
C6_S1_I3 94 99 143 150
C6_S1_I4 92 96 155 153
C6_S1_I5 93 98 155 158
C6_S1_I6 100 101 155 156
C6_S1_I7 85 97 163 166
C6_S1_I8 86 94 160 167
C6_S1_I9 102 92 166 160
C6_S2_I1 105 119 158 165
C6_S2_I10 49 85 142 172
C6_S2_I11 133 84 210 181
C6_S2_I12 81 84 163 171
C6_S2_I13 88 60 206 171
C6_S2_I14 82 64 178 188
C6_S2_I15 62 59 168 170
C6_S2_I2 103 106 153 155
C6_S2_I3 99 124 154 172
C6_S2_I4 52 133 115 187
C6_S2_I5 111 124 167 183
C6_S2_I6 79 103 141 159
C6_S2_I7 95 91 170 160
C6_S2_I8 99 96 165 168
C6_S2_I9 61 114 131 185
C70_S1_I1 100 90 151 126
C70_S1_I10 54 90 144 156
C70_S1_I11 33 75 116 157
C70_S1_I12 102 98 180 171
C70_S1_I13 82 90 198 171
C70_S1_I14 56 54 159 168
C70_S1_I15 100 75 203 174
C70_S1_I2 92 107 142 147
C70_S1_I3 114 125 163 160
C70_S1_I4 86 96 146 137
C70_S1_I5 78 104 136 153
C70_S1_I6 88 134 144 180
C70_S1_I7 84 91 158 146
C70_S1_I8 89 96 158 157
C70_S1_I9 106 102 172 160
C71_S1_I1 95 105 142 151
C71_S1_I10 56 76 140 163
C71_S1_I11 40 79 114 171
C71_S1_I12 101 83 183 176
C71_S1_I13 52 65 163 186
C71_S1_I14 38 80 130 207
C71_S1_I15 95 63 202 196
C71_S1_I2 86 113 131 161
C71_S1_I3 111 107 159 156
C71_S1_I4 96 101 153 155
C71_S1_I5 85 94 137 153
C71_S1_I6 107 95 162 156
C71_S1_I7 75 97 144 165
C71_S1_I8 81 78 141 151
C71_S1_I9 84 85 150 161
C72_S1_I1 85 93 135 140
C72_S1_I10 83 102 165 189
C72_S1_I11 31 84 111 181
C72_S1_I12 111 94 187 182
C72_S1_I13 73 45 186 167
C72_S1_I14 55 69 158 203
C72_S1_I15 139 67 236 189
C72_S1_I2 95 109 143 161
C72_S1_I3 119 93 166 144
C72_S1_I4 108 103 164 159
C72_S1_I5 90 102 146 165
C72_S1_I6 93 99 147 157
C72_S1_I7 106 95 173 161
C72_S1_I8 83 80 149 158
C72_S1_I9 118 100 181 170
C73_S1_I1 106 107 159 162
C73_S1_I10 70 87 162 186
C73_S1_I11 67 98 147 200
C73_S1_I12 100 67 188 171
C73_S1_I13 62 56 183 189
C73_S1_I14 36 41 140 179
C73_S1_I15 73 38 184 180
C73_S1_I2 83 120 132 175
C73_S1_I3 104 108 156 162
C73_S1_I4 100 96 160 162
C73_S1_I5 65 89 123 155
C73_S1_I6 91 100 150 168
C73_S1_I7 84 90 156 164
C73_S1_I8 63 72 131 151
C73_S1_I9 94 89 165 172
C73_S2_I1 87 83 138 135
C73_S2_I10 111 102 189 205
C73_S2_I11 70 69 155 165
C73_S2_I12 81 118 165 203
C73_S2_I13 42 57 149 177
C73_S2_I14 98 73 197 194
C73_S2_I15 66 69 179 178
C73_S2_I2 105 95 156 150
C73_S2_I3 77 99 124 153
C73_S2_I4 90 105 148 168
C73_S2_I5 112 90 169 153
C73_S2_I6 90 76 148 141
C73_S2_I7 88 79 155 158
C73_S2_I8 72 92 137 165
C73_S2_I9 66 117 133 187
C74_S1_I1 99 123 153 178
C74_S1_I10 62 71 153 168
C74_S1_I11 65 69 150 175
C74_S1_I12 117 85 202 182
C74_S1_I13 60 54 181 184
C74_S1_I14 53 44 163 187
C74_S1_I15 132 54 236 183
C74_S1_I2 81 113 133 171
C74_S1_I3 111 91 162 149
C74_S1_I4 100 99 162 165
C74_S1_I5 51 73 110 141
C74_S1_I6 84 92 144 157
C74_S1_I7 84 84 159 159
C74_S1_I8 91 89 162 173
C74_S1_I9 100 98 169 176
C74_S2_I1 121 98 173 151
C74_S2_I10 92 91 167 181
C74_S2_I11 81 55 166 147
C74_S2_I12 76 96 163 183
C74_S2_I13 76 74 188 193
C74_S2_I14 123 86 217 202
C74_S2_I15 74 86 187 196
C74_S2_I2 116 106 165 159
C74_S2_I3 96 113 146 169
C74_S2_I4 100 88 158 147
C74_S2_I5 100 101 154 162
C74_S2_I6 98 90 158 153
C74_S2_I7 99 93 168 167
C74_S2_I8 80 102 147 180
C74_S2_I9 92 94 160 167
C75_S1_I1 95 127 144 174
C75_S1_I10 68 79 152 162
C75_S1_I11 29 77 105 165
C75_S1_I12 86 43 168 131
C75_S1_I13 60 71 171 176
C75_S1_I14 43 73 138 184
C75_S1_I15 77 69 181 188
C75_S1_I2 97 96 143 141
C75_S1_I3 106 84 154 134
C75_S1_I4 81 90 138 145
C75_S1_I5 93 95 145 149
C75_S1_I6 95 84 150 146
C75_S1_I7 93 86 159 150
C75_S1_I8 74 100 135 163
C75_S1_I9 97 94 160 167
C76_S1_I1 114 119 163 165
C76_S1_I10 79 79 164 165
C76_S1_I11 84 59 167 155
C76_S1_I12 106 82 183 164
C76_S1_I13 47 90 160 204
C76_S1_I14 17 61 125 184
C76_S1_I15 123 81 222 193
C76_S1_I2 118 102 168 151
C76_S1_I3 114 99 160 144
C76_S1_I4 87 110 144 167
C76_S1_I5 86 108 142 168
C76_S1_I6 115 113 169 171
C76_S1_I7 90 92 160 158
C76_S1_I8 93 88 160 159
C76_S1_I9 110 107 172 175
C77_S1_I1 94 110 146 157
C77_S1_I10 74 84 163 165
C77_S1_I11 83 86 161 176
C77_S1_I12 82 84 167 176
C77_S1_I13 68 112 187 217
C77_S1_I14 23 60 123 180
C77_S1_I15 81 58 190 179
C77_S1_I2 78 140 127 189
C77_S1_I3 85 106 137 156
C77_S1_I4 86 115 148 168
C77_S1_I5 77 102 133 159
C77_S1_I6 78 113 139 175
C77_S1_I7 68 112 140 166
C77_S1_I8 71 104 135 168
C77_S1_I9 88 83 158 152
C78_S1_I1 102 101 155 151
C78_S1_I10 91 92 179 181
C78_S1_I11 69 82 153 173
C78_S1_I12 100 93 181 186
C78_S1_I13 68 78 187 184
C78_S1_I14 29 60 140 187
C78_S1_I15 144 81 241 205
C78_S1_I2 133 112 185 161
C78_S1_I3 98 103 148 153
C78_S1_I4 86 103 147 161
C78_S1_I5 103 96 163 155
C78_S1_I6 113 106 170 165
C78_S1_I7 93 102 169 164
C78_S1_I8 95 106 165 172
C78_S1_I9 100 108 169 180
C79_S1_I1 86 91 140 147
C79_S1_I10 82 94 172 196
C79_S1_I11 58 77 137 181
C79_S1_I12 104 67 192 182
C79_S1_I13 71 61 190 199
C79_S1_I14 48 67 146 217
C79_S1_I15 110 67 222 216
C79_S1_I2 81 90 132 147
C79_S1_I3 97 93 151 153
C79_S1_I4 96 105 157 173
C79_S1_I5 97 102 153 171
C79_S1_I6 116 107 177 182
C79_S1_I7 93 79 165 159
C79_S1_I8 68 89 133 167
C79_S1_I9 88 73 159 161
C79_S2_I1 84 92 135 143
C79_S2_I10 69 88 158 177
C79_S2_I11 98 71 183 173
C79_S2_I12 59 119 142 215
C79_S2_I13 65 74 177 195
C79_S2_I14 92 73 199 208
C79_S2_I15 39 87 143 206
C79_S2_I2 99 125 151 182
C79_S2_I3 82 118 131 176
C79_S2_I4 115 102 174 166
C79_S2_I5 92 84 152 153
C79_S2_I6 83 84 140 147
C79_S2_I7 72 110 144 184
C79_S2_I8 100 108 169 191
C79_S2_I9 83 97 149 171
C7_S1_I1 100 102 157 140
C7_S1_I10 70 90 165 161
C7_S1_I11 77 85 162 164
C7_S1_I12 71 104 162 177
C7_S1_I13 60 76 185 178
C7_S1_I14 72 77 181 188
C7_S1_I15 62 79 178 176
